983
386
577
215
393
935
686
292
349
821
762
527
690
359
663
626
340
226
872
236
711
468
367
529
882
630
162
923
767
335
429
802
622
958
969
967
893
656
311
242
529
973
721
219
384
437
798
624
615
670
813
326
191
180
756
973
762
870
896
581
205
325
384
727
336
405
746
229
113
957
424
595
982
145
714
367
534
564
943
150
287
808
376
378
888
184
403
651
954
299
232
160
576
568
839
812
926
586
994
939
595
470
534
578
567
301
897
102
817
892
152
156
701
480
486
641
565
789
344
519
140
529
631
617
997
471
481
975
109
527
967
656
897
553
286
465
806
183
519
624
128
571
732
729
103
219
370
568
908
615
140
949
196
723
618
245
246
151
221
255
579
188
864
528
641
150
893
500
234
464
124
314
987
756
943
991
927
365
559
836
932
651
837
128
375
507
274
521
558
395
729
137
535
593
618
228
643
511
628
829
876
704
143
863
513
138
906
440
404
518
328
388
169
217
417
496
624
643
970
183
990
699
272
525
344
790
705
939
354
386
769
282
142
864
197
607
955
104
948
411
522
328
699
643
446
168
140
122
711
110
205
701
761
430
278
105
220
936
944
526
322
765
708
416
682
858
924
637
862
924
100
436
252
699
979
650
768
171
673
531
181
830
233
894
260
463
899
381
399
896
859
673
713
568
990
395
426
966
984
340
890
984
676
142
736
707
745
556
779
418
987
912
248
272
859
409
636
810
742
987
706
601
713
472
221
755
819
599
721
804
839
611
840
567
705
628
327
450
184
158
820
224
122
969
396
881
430
984
692
172
972
450
725
685
822
899
440
642
498
213
498
390
724
390
909
481
919
236
832
155
294
704
279
369
673
576
250
155
560
842
279
584
293
905
321
167
804
713
761
354
826
259
644
602
602
606
984
521
742
868
628
989
572
808
358
298
436
508
353
948
403
533
533
648
490
754
767
346
468
529
600
346
688
297
849
290
803
833
763
597
753
392
586
325
252
896
575
588
457
829
536
760
414
121
460
804
828
227
150
348
656
702
594
397
899
443
639
702
328
403
300
981
747
838
359
951
735
834
539
192
715
127
904
129
149
364
885
929
543
935
277
200
638
771
549
589
267
188
292
495
543
544
529
290
382
840
241
169
726
732
261
442
760
217
523
861
481
409
790
925
396
967
177
934
790
626
524
957
714
768
505
258
312
986
500
646
826
694
716
552
478
929
946
290
147
470
151
580
831
893
557
227
912
686
214
755
312
690
712
979
510
269
289
774
255
741
420
133
487
188
638
866
170
584
156
217
106
260
749
837
205
359
117
118
945
283
773
258
873
537
289
383
707
478
157
914
271
529
100
659
618
638
525
688
274
633
857
281
793
658
170
899
917
239
969
863
422
794
173
347
331
362
682
990
792
791
957
115
321
957
674
891
647
251
631
821
837
540
154
630
198
225
581
116
416
602
931
739
396
104
138
680
418
721
670
262
512
679
277
785
636
904
676
283
207
359
157
944
799
211
627
950
336
260
118
705
763
949
444
211
105
534
791
475
255
514
689
668
193
918
505
782
822
182
117
930
493
174
926
293
286
553
243
574
714
313
279
477
262
675
588
319
210
432
694
417
846
435
137
991
353
543
773
228
625
791
210
118
917
136
363
255
590
558
730
304
771
961
733
985
689
373
304
851
705
950
268
603
385
306
595
639
749
420
767
426
263
877
496
181
965
760
336
555
370
118
811
142
132
596
179
721
870
384
572
627
334
740
283
672
998
830
363
747
250
130
173
414
959
622
547
924
382
835
532
704
854
343
798
886
840
878
659
762
262
283
441
548
923
624
272
922
454
535
721
657
565
847
971
576
469
518
501
803
353
933
507
259
328
306
197
220
184
808
934
398
991
376
898
915
952
171
889
459
606
610
116
224
509
139
700
878
609
253
681
914
238
189
226
467
447
323
587
531
132
522
881
175
850
779
990
854
850
931
313
457
594
381
581
103
420
333
882
981
487
615
896
625
704
122
992
151
397
632
634
481
206
515
557
108
295
599
862
197
583
176
554
177
509
187
232
882
421
166
863
860
682
811
485
386
885
530
490
283
214
176
716
320
592
325
328
839
825
190
936
460
318
543
537
728
682
721
610
155
788
525
915
470
337
453
808
222
883
350
457
997
427
226
369
971
451
649
810
328
739
798
688
110
393
277
790
976
899
452
131
687
877
999
157
266
452
917
441
335
268
798
384
595
976
705
566
428
354
428
708
993
278
397
155
572
574
845
600
525
297
683
212
227
682
321
